2017-05-08 18:18:55.287 INFO  com.xiang.demo.java.thread.simple.TestLogBack - 输出info级别的日志.....
2017-05-08 18:22:08.245 INFO  com.xiang.demo.java.thread.simple.TestLogback - 输出info级别的日志.....
2017-05-08 18:22:45.366 INFO  com.xiang.demo.java.thread.simple.ThreadTest - 200
2017-05-08 18:22:45.367 INFO  com.xiang.demo.java.thread.simple.ThreadTest - 199
2017-05-08 18:22:45.368 INFO  com.xiang.demo.java.thread.simple.ThreadTest - 198
2017-05-08 18:22:45.368 INFO  com.xiang.demo.java.thread.simple.ThreadTest - 197
2017-05-08 18:22:45.373 INFO  com.xiang.demo.java.thread.simple.ThreadTest - 196
2017-05-08 18:22:45.374 INFO  com.xiang.demo.java.thread.simple.ThreadTest - 195
2017-05-08 18:22:45.375 INFO  com.xiang.demo.java.thread.simple.ThreadTest - 194
2017-05-08 18:22:45.378 INFO  com.xiang.demo.java.thread.simple.ThreadTest - 185
2017-05-08 18:22:45.377 INFO  com.xiang.demo.java.thread.simple.ThreadTest - 193
2017-05-08 18:22:45.379 INFO  com.xiang.demo.java.thread.simple.ThreadTest - 183
2017-05-08 18:22:45.377 INFO  com.xiang.demo.java.thread.simple.ThreadTest - 192
2017-05-08 18:22:45.377 INFO  com.xiang.demo.java.thread.simple.ThreadTest - 191
2017-05-08 18:22:45.377 INFO  com.xiang.demo.java.thread.simple.ThreadTest - 190
2017-05-08 18:22:45.378 INFO  com.xiang.demo.java.thread.simple.ThreadTest - 187
2017-05-08 18:22:45.380 INFO  com.xiang.demo.java.thread.simple.ThreadTest - 179
2017-05-08 18:22:45.378 INFO  com.xiang.demo.java.thread.simple.ThreadTest - 186
2017-05-08 18:22:45.380 INFO  com.xiang.demo.java.thread.simple.ThreadTest - 177
2017-05-08 18:22:45.378 INFO  com.xiang.demo.java.thread.simple.ThreadTest - 189
2017-05-08 18:22:45.381 INFO  com.xiang.demo.java.thread.simple.ThreadTest - 176
2017-05-08 18:22:45.378 INFO  com.xiang.demo.java.thread.simple.ThreadTest - 188
2017-05-08 18:22:45.381 INFO  com.xiang.demo.java.thread.simple.ThreadTest - 174
2017-05-08 18:22:45.379 INFO  com.xiang.demo.java.thread.simple.ThreadTest - 182
2017-05-08 18:22:45.379 INFO  com.xiang.demo.java.thread.simple.ThreadTest - 184
2017-05-08 18:22:45.380 INFO  com.xiang.demo.java.thread.simple.ThreadTest - 181
2017-05-08 18:22:45.380 INFO  com.xiang.demo.java.thread.simple.ThreadTest - 178
2017-05-08 18:22:45.381 INFO  com.xiang.demo.java.thread.simple.ThreadTest - 173
2017-05-08 18:22:45.382 INFO  com.xiang.demo.java.thread.simple.ThreadTest - 171
2017-05-08 18:22:45.381 INFO  com.xiang.demo.java.thread.simple.ThreadTest - 175
2017-05-08 18:22:45.380 INFO  com.xiang.demo.java.thread.simple.ThreadTest - 180
2017-05-08 18:22:45.383 INFO  com.xiang.demo.java.thread.simple.ThreadTest - 165
2017-05-08 18:22:45.383 INFO  com.xiang.demo.java.thread.simple.ThreadTest - 167
2017-05-08 18:22:45.384 INFO  com.xiang.demo.java.thread.simple.ThreadTest - 164
2017-05-08 18:22:45.383 INFO  com.xiang.demo.java.thread.simple.ThreadTest - 166
2017-05-08 18:22:45.382 INFO  com.xiang.demo.java.thread.simple.ThreadTest - 172
2017-05-08 18:22:45.384 INFO  com.xiang.demo.java.thread.simple.ThreadTest - 161
2017-05-08 18:22:45.385 INFO  com.xiang.demo.java.thread.simple.ThreadTest - 160
2017-05-08 18:22:45.382 INFO  com.xiang.demo.java.thread.simple.ThreadTest - 170
2017-05-08 18:22:45.382 INFO  com.xiang.demo.java.thread.simple.ThreadTest - 169
2017-05-08 18:22:45.385 INFO  com.xiang.demo.java.thread.simple.ThreadTest - 159
2017-05-08 18:22:45.383 INFO  com.xiang.demo.java.thread.simple.ThreadTest - 168
2017-05-08 18:22:45.386 INFO  com.xiang.demo.java.thread.simple.ThreadTest - 156
2017-05-08 18:22:45.386 INFO  com.xiang.demo.java.thread.simple.ThreadTest - 155
2017-05-08 18:22:45.384 INFO  com.xiang.demo.java.thread.simple.ThreadTest - 163
2017-05-08 18:22:45.387 INFO  com.xiang.demo.java.thread.simple.ThreadTest - 152
2017-05-08 18:22:45.384 INFO  com.xiang.demo.java.thread.simple.ThreadTest - 162
2017-05-08 18:22:45.386 INFO  com.xiang.demo.java.thread.simple.ThreadTest - 158
2017-05-08 18:22:45.386 INFO  com.xiang.demo.java.thread.simple.ThreadTest - 157
2017-05-08 18:22:45.387 INFO  com.xiang.demo.java.thread.simple.ThreadTest - 154
2017-05-08 18:22:45.388 INFO  com.xiang.demo.java.thread.simple.ThreadTest - 145
2017-05-08 18:22:45.387 INFO  com.xiang.demo.java.thread.simple.ThreadTest - 153
2017-05-08 18:22:45.387 INFO  com.xiang.demo.java.thread.simple.ThreadTest - 151
2017-05-08 18:22:45.389 INFO  com.xiang.demo.java.thread.simple.ThreadTest - 142
2017-05-08 18:22:45.387 INFO  com.xiang.demo.java.thread.simple.ThreadTest - 150
2017-05-08 18:22:45.388 INFO  com.xiang.demo.java.thread.simple.ThreadTest - 149
2017-05-08 18:22:45.388 INFO  com.xiang.demo.java.thread.simple.ThreadTest - 148
2017-05-08 18:22:45.388 INFO  com.xiang.demo.java.thread.simple.ThreadTest - 147
2017-05-08 18:22:45.388 INFO  com.xiang.demo.java.thread.simple.ThreadTest - 146
2017-05-08 18:22:45.389 INFO  com.xiang.demo.java.thread.simple.ThreadTest - 144
2017-05-08 18:22:45.389 INFO  com.xiang.demo.java.thread.simple.ThreadTest - 143
2017-05-08 18:22:45.390 INFO  com.xiang.demo.java.thread.simple.ThreadTest - 141
2017-05-08 18:22:45.392 INFO  com.xiang.demo.java.thread.simple.ThreadTest - 140
2017-05-08 18:22:45.393 INFO  com.xiang.demo.java.thread.simple.ThreadTest - 139
2017-05-08 18:22:45.394 INFO  com.xiang.demo.java.thread.simple.ThreadTest - 138
2017-05-08 18:22:45.394 INFO  com.xiang.demo.java.thread.simple.ThreadTest - 135
2017-05-08 18:22:45.394 INFO  com.xiang.demo.java.thread.simple.ThreadTest - 133
2017-05-08 18:22:45.394 INFO  com.xiang.demo.java.thread.simple.ThreadTest - 137
2017-05-08 18:22:45.395 INFO  com.xiang.demo.java.thread.simple.ThreadTest - 129
2017-05-08 18:22:45.395 INFO  com.xiang.demo.java.thread.simple.ThreadTest - 126
2017-05-08 18:22:45.395 INFO  com.xiang.demo.java.thread.simple.ThreadTest - 125
2017-05-08 18:22:45.396 INFO  com.xiang.demo.java.thread.simple.ThreadTest - 122
2017-05-08 18:22:45.396 INFO  com.xiang.demo.java.thread.simple.ThreadTest - 121
2017-05-08 18:22:45.396 INFO  com.xiang.demo.java.thread.simple.ThreadTest - 118
2017-05-08 18:22:45.394 INFO  com.xiang.demo.java.thread.simple.ThreadTest - 136
2017-05-08 18:22:45.394 INFO  com.xiang.demo.java.thread.simple.ThreadTest - 134
2017-05-08 18:22:45.394 INFO  com.xiang.demo.java.thread.simple.ThreadTest - 132
2017-05-08 18:22:45.395 INFO  com.xiang.demo.java.thread.simple.ThreadTest - 131
2017-05-08 18:22:45.395 INFO  com.xiang.demo.java.thread.simple.ThreadTest - 130
2017-05-08 18:22:45.395 INFO  com.xiang.demo.java.thread.simple.ThreadTest - 128
2017-05-08 18:22:45.395 INFO  com.xiang.demo.java.thread.simple.ThreadTest - 127
2017-05-08 18:22:45.395 INFO  com.xiang.demo.java.thread.simple.ThreadTest - 124
2017-05-08 18:22:45.396 INFO  com.xiang.demo.java.thread.simple.ThreadTest - 123
2017-05-08 18:22:45.396 INFO  com.xiang.demo.java.thread.simple.ThreadTest - 120
2017-05-08 18:22:45.398 INFO  com.xiang.demo.java.thread.simple.ThreadTest - 112
2017-05-08 18:22:45.398 INFO  com.xiang.demo.java.thread.simple.ThreadTest - 111
2017-05-08 18:22:45.399 INFO  com.xiang.demo.java.thread.simple.ThreadTest - 110
2017-05-08 18:22:45.399 INFO  com.xiang.demo.java.thread.simple.ThreadTest - 109
2017-05-08 18:22:45.399 INFO  com.xiang.demo.java.thread.simple.ThreadTest - 108
2017-05-08 18:22:45.400 INFO  com.xiang.demo.java.thread.simple.ThreadTest - 107
2017-05-08 18:22:45.400 INFO  com.xiang.demo.java.thread.simple.ThreadTest - 106
2017-05-08 18:22:45.400 INFO  com.xiang.demo.java.thread.simple.ThreadTest - 105
2017-05-08 18:22:45.401 INFO  com.xiang.demo.java.thread.simple.ThreadTest - 104
2017-05-08 18:22:45.406 INFO  com.xiang.demo.java.thread.simple.ThreadTest - 103
2017-05-08 18:22:45.407 INFO  com.xiang.demo.java.thread.simple.ThreadTest - 102
2017-05-08 18:22:45.408 INFO  com.xiang.demo.java.thread.simple.ThreadTest - 101
2017-05-08 18:22:45.409 INFO  com.xiang.demo.java.thread.simple.ThreadTest - 100
2017-05-08 18:22:45.409 INFO  com.xiang.demo.java.thread.simple.ThreadTest - 99
2017-05-08 18:22:45.409 INFO  com.xiang.demo.java.thread.simple.ThreadTest - 98
2017-05-08 18:22:45.412 INFO  com.xiang.demo.java.thread.simple.ThreadTest - 97
2017-05-08 18:22:45.413 INFO  com.xiang.demo.java.thread.simple.ThreadTest - 96
2017-05-08 18:22:45.413 INFO  com.xiang.demo.java.thread.simple.ThreadTest - 95
2017-05-08 18:22:45.414 INFO  com.xiang.demo.java.thread.simple.ThreadTest - 94
2017-05-08 18:22:45.414 INFO  com.xiang.demo.java.thread.simple.ThreadTest - 93
2017-05-08 18:22:45.415 INFO  com.xiang.demo.java.thread.simple.ThreadTest - 92
2017-05-08 18:22:45.416 INFO  com.xiang.demo.java.thread.simple.ThreadTest - 91
2017-05-08 18:22:45.416 INFO  com.xiang.demo.java.thread.simple.ThreadTest - 90
2017-05-08 18:22:45.416 INFO  com.xiang.demo.java.thread.simple.ThreadTest - 89
2017-05-08 18:22:45.417 INFO  com.xiang.demo.java.thread.simple.ThreadTest - 88
2017-05-08 18:22:45.417 INFO  com.xiang.demo.java.thread.simple.ThreadTest - 87
2017-05-08 18:22:45.417 INFO  com.xiang.demo.java.thread.simple.ThreadTest - 86
2017-05-08 18:22:45.418 INFO  com.xiang.demo.java.thread.simple.ThreadTest - 85
2017-05-08 18:22:45.418 INFO  com.xiang.demo.java.thread.simple.ThreadTest - 84
2017-05-08 18:22:45.419 INFO  com.xiang.demo.java.thread.simple.ThreadTest - 83
2017-05-08 18:22:45.419 INFO  com.xiang.demo.java.thread.simple.ThreadTest - 82
2017-05-08 18:22:45.419 INFO  com.xiang.demo.java.thread.simple.ThreadTest - 81
2017-05-08 18:22:45.420 INFO  com.xiang.demo.java.thread.simple.ThreadTest - 80
2017-05-08 18:22:45.420 INFO  com.xiang.demo.java.thread.simple.ThreadTest - 79
2017-05-08 18:22:45.421 INFO  com.xiang.demo.java.thread.simple.ThreadTest - 78
2017-05-08 18:22:45.421 INFO  com.xiang.demo.java.thread.simple.ThreadTest - 77
2017-05-08 18:22:45.422 INFO  com.xiang.demo.java.thread.simple.ThreadTest - 76
2017-05-08 18:22:45.422 INFO  com.xiang.demo.java.thread.simple.ThreadTest - 75
2017-05-08 18:22:45.422 INFO  com.xiang.demo.java.thread.simple.ThreadTest - 74
2017-05-08 18:22:45.423 INFO  com.xiang.demo.java.thread.simple.ThreadTest - 73
2017-05-08 18:22:45.424 INFO  com.xiang.demo.java.thread.simple.ThreadTest - 72
2017-05-08 18:22:45.424 INFO  com.xiang.demo.java.thread.simple.ThreadTest - 71
2017-05-08 18:22:45.425 INFO  com.xiang.demo.java.thread.simple.ThreadTest - 70
2017-05-08 18:22:45.427 INFO  com.xiang.demo.java.thread.simple.ThreadTest - 69
2017-05-08 18:22:45.428 INFO  com.xiang.demo.java.thread.simple.ThreadTest - 68
2017-05-08 18:22:45.428 INFO  com.xiang.demo.java.thread.simple.ThreadTest - 67
2017-05-08 18:22:45.428 INFO  com.xiang.demo.java.thread.simple.ThreadTest - 66
2017-05-08 18:22:45.429 INFO  com.xiang.demo.java.thread.simple.ThreadTest - 65
2017-05-08 18:22:45.430 INFO  com.xiang.demo.java.thread.simple.ThreadTest - 64
2017-05-08 18:22:45.431 INFO  com.xiang.demo.java.thread.simple.ThreadTest - 63
2017-05-08 18:22:45.432 INFO  com.xiang.demo.java.thread.simple.ThreadTest - 62
2017-05-08 18:22:45.432 INFO  com.xiang.demo.java.thread.simple.ThreadTest - 61
2017-05-08 18:22:45.433 INFO  com.xiang.demo.java.thread.simple.ThreadTest - 60
2017-05-08 18:22:45.396 INFO  com.xiang.demo.java.thread.simple.ThreadTest - 119
2017-05-08 18:22:45.396 INFO  com.xiang.demo.java.thread.simple.ThreadTest - 117
2017-05-08 18:22:45.396 INFO  com.xiang.demo.java.thread.simple.ThreadTest - 116
2017-05-08 18:22:45.397 INFO  com.xiang.demo.java.thread.simple.ThreadTest - 115
2017-05-08 18:22:45.434 INFO  com.xiang.demo.java.thread.simple.ThreadTest - 57
2017-05-08 18:22:45.397 INFO  com.xiang.demo.java.thread.simple.ThreadTest - 113
2017-05-08 18:22:45.435 INFO  com.xiang.demo.java.thread.simple.ThreadTest - 52
2017-05-08 18:22:45.435 INFO  com.xiang.demo.java.thread.simple.ThreadTest - 51
2017-05-08 18:22:45.435 INFO  com.xiang.demo.java.thread.simple.ThreadTest - 50
2017-05-08 18:22:45.435 INFO  com.xiang.demo.java.thread.simple.ThreadTest - 49
2017-05-08 18:22:45.436 INFO  com.xiang.demo.java.thread.simple.ThreadTest - 48
2017-05-08 18:22:45.436 INFO  com.xiang.demo.java.thread.simple.ThreadTest - 47
2017-05-08 18:22:45.397 INFO  com.xiang.demo.java.thread.simple.ThreadTest - 114
2017-05-08 18:22:45.433 INFO  com.xiang.demo.java.thread.simple.ThreadTest - 59
2017-05-08 18:22:45.433 INFO  com.xiang.demo.java.thread.simple.ThreadTest - 58
2017-05-08 18:22:45.437 INFO  com.xiang.demo.java.thread.simple.ThreadTest - 40
2017-05-08 18:22:45.434 INFO  com.xiang.demo.java.thread.simple.ThreadTest - 56
2017-05-08 18:22:45.438 INFO  com.xiang.demo.java.thread.simple.ThreadTest - 37
2017-05-08 18:22:45.434 INFO  com.xiang.demo.java.thread.simple.ThreadTest - 55
2017-05-08 18:22:45.434 INFO  com.xiang.demo.java.thread.simple.ThreadTest - 53
2017-05-08 18:22:45.434 INFO  com.xiang.demo.java.thread.simple.ThreadTest - 54
2017-05-08 18:22:45.436 INFO  com.xiang.demo.java.thread.simple.ThreadTest - 46
2017-05-08 18:22:45.436 INFO  com.xiang.demo.java.thread.simple.ThreadTest - 45
2017-05-08 18:22:45.437 INFO  com.xiang.demo.java.thread.simple.ThreadTest - 44
2017-05-08 18:22:45.437 INFO  com.xiang.demo.java.thread.simple.ThreadTest - 43
2017-05-08 18:22:45.439 INFO  com.xiang.demo.java.thread.simple.ThreadTest - 34
2017-05-08 18:22:45.437 INFO  com.xiang.demo.java.thread.simple.ThreadTest - 42
2017-05-08 18:22:45.437 INFO  com.xiang.demo.java.thread.simple.ThreadTest - 41
2017-05-08 18:22:45.437 INFO  com.xiang.demo.java.thread.simple.ThreadTest - 39
2017-05-08 18:22:45.438 INFO  com.xiang.demo.java.thread.simple.ThreadTest - 38
2017-05-08 18:22:45.438 INFO  com.xiang.demo.java.thread.simple.ThreadTest - 35
2017-05-08 18:22:45.438 INFO  com.xiang.demo.java.thread.simple.ThreadTest - 36
2017-05-08 18:22:45.440 INFO  com.xiang.demo.java.thread.simple.ThreadTest - 25
2017-05-08 18:22:45.441 INFO  com.xiang.demo.java.thread.simple.ThreadTest - 24
2017-05-08 18:22:45.439 INFO  com.xiang.demo.java.thread.simple.ThreadTest - 33
2017-05-08 18:22:45.441 INFO  com.xiang.demo.java.thread.simple.ThreadTest - 21
2017-05-08 18:22:45.439 INFO  com.xiang.demo.java.thread.simple.ThreadTest - 32
2017-05-08 18:22:45.442 INFO  com.xiang.demo.java.thread.simple.ThreadTest - 19
2017-05-08 18:22:45.439 INFO  com.xiang.demo.java.thread.simple.ThreadTest - 31
2017-05-08 18:22:45.439 INFO  com.xiang.demo.java.thread.simple.ThreadTest - 30
2017-05-08 18:22:45.440 INFO  com.xiang.demo.java.thread.simple.ThreadTest - 29
2017-05-08 18:22:45.440 INFO  com.xiang.demo.java.thread.simple.ThreadTest - 28
2017-05-08 18:22:45.440 INFO  com.xiang.demo.java.thread.simple.ThreadTest - 27
2017-05-08 18:22:45.440 INFO  com.xiang.demo.java.thread.simple.ThreadTest - 26
2017-05-08 18:22:45.441 INFO  com.xiang.demo.java.thread.simple.ThreadTest - 23
2017-05-08 18:22:45.443 INFO  com.xiang.demo.java.thread.simple.ThreadTest - 13
2017-05-08 18:22:45.441 INFO  com.xiang.demo.java.thread.simple.ThreadTest - 22
2017-05-08 18:22:45.441 INFO  com.xiang.demo.java.thread.simple.ThreadTest - 20
2017-05-08 18:22:45.442 INFO  com.xiang.demo.java.thread.simple.ThreadTest - 18
2017-05-08 18:22:45.444 INFO  com.xiang.demo.java.thread.simple.ThreadTest - 8
2017-05-08 18:22:45.442 INFO  com.xiang.demo.java.thread.simple.ThreadTest - 17
2017-05-08 18:22:45.442 INFO  com.xiang.demo.java.thread.simple.ThreadTest - 16
2017-05-08 18:22:45.442 INFO  com.xiang.demo.java.thread.simple.ThreadTest - 15
2017-05-08 18:22:45.445 INFO  com.xiang.demo.java.thread.simple.ThreadTest - 4
2017-05-08 18:22:45.443 INFO  com.xiang.demo.java.thread.simple.ThreadTest - 14
2017-05-08 18:22:45.445 INFO  com.xiang.demo.java.thread.simple.ThreadTest - 2
2017-05-08 18:22:45.446 INFO  com.xiang.demo.java.thread.simple.ThreadTest - 0
2017-05-08 18:22:45.443 INFO  com.xiang.demo.java.thread.simple.ThreadTest - 12
2017-05-08 18:22:45.443 INFO  com.xiang.demo.java.thread.simple.ThreadTest - 11
2017-05-08 18:22:45.443 INFO  com.xiang.demo.java.thread.simple.ThreadTest - 10
2017-05-08 18:22:45.444 INFO  com.xiang.demo.java.thread.simple.ThreadTest - 9
2017-05-08 18:22:45.486 INFO  com.xiang.demo.java.thread.simple.ThreadTest - -1
2017-05-08 18:22:45.516 INFO  com.xiang.demo.java.thread.simple.ThreadTest - -2
2017-05-08 18:22:45.517 INFO  com.xiang.demo.java.thread.simple.ThreadTest - -3
2017-05-08 18:22:45.444 INFO  com.xiang.demo.java.thread.simple.ThreadTest - 7
2017-05-08 18:22:45.444 INFO  com.xiang.demo.java.thread.simple.ThreadTest - 6
2017-05-08 18:22:45.551 INFO  com.xiang.demo.java.thread.simple.ThreadTest - -4
2017-05-08 18:22:45.557 INFO  com.xiang.demo.java.thread.simple.ThreadTest - -5
2017-05-08 18:22:45.445 INFO  com.xiang.demo.java.thread.simple.ThreadTest - 5
2017-05-08 18:22:45.445 INFO  com.xiang.demo.java.thread.simple.ThreadTest - 3
2017-05-08 18:22:45.590 INFO  com.xiang.demo.java.thread.simple.ThreadTest - -6
2017-05-08 18:22:45.613 INFO  com.xiang.demo.java.thread.simple.ThreadTest - -7
2017-05-08 18:22:45.613 INFO  com.xiang.demo.java.thread.simple.ThreadTest - -8
2017-05-08 18:22:45.446 INFO  com.xiang.demo.java.thread.simple.ThreadTest - 1
